{
 "cells": [
  {
   "cell_type": "markdown",
   "metadata": {},
   "source": [
    "## Importing the necessary libraries"
   ]
  },
  {
   "cell_type": "code",
   "execution_count": 17,
   "metadata": {},
   "outputs": [],
   "source": [
    "import pandas as pd\n",
    "import seaborn as sns\n",
    "import matplotlib.pyplot as plt"
   ]
  },
  {
   "cell_type": "markdown",
   "metadata": {},
   "source": [
    "## Reading the data.csv and analyzing it"
   ]
  },
  {
   "cell_type": "code",
   "execution_count": 2,
   "metadata": {},
   "outputs": [],
   "source": [
    "df = pd.read_csv('Data/raw.csv')"
   ]
  },
  {
   "cell_type": "code",
   "execution_count": 4,
   "metadata": {},
   "outputs": [
    {
     "data": {
      "text/html": [
       "<div>\n",
       "<style scoped>\n",
       "    .dataframe tbody tr th:only-of-type {\n",
       "        vertical-align: middle;\n",
       "    }\n",
       "\n",
       "    .dataframe tbody tr th {\n",
       "        vertical-align: top;\n",
       "    }\n",
       "\n",
       "    .dataframe thead th {\n",
       "        text-align: right;\n",
       "    }\n",
       "</style>\n",
       "<table border=\"1\" class=\"dataframe\">\n",
       "  <thead>\n",
       "    <tr style=\"text-align: right;\">\n",
       "      <th></th>\n",
       "      <th>Location</th>\n",
       "      <th>MinTemp</th>\n",
       "      <th>MaxTemp</th>\n",
       "      <th>Rainfall</th>\n",
       "      <th>Evaporation</th>\n",
       "      <th>Sunshine</th>\n",
       "      <th>WindGustDir</th>\n",
       "      <th>WindGustSpeed</th>\n",
       "      <th>WindDir9am</th>\n",
       "      <th>WindDir3pm</th>\n",
       "      <th>WindSpeed9am</th>\n",
       "      <th>WindSpeed3pm</th>\n",
       "      <th>Humidity9am</th>\n",
       "      <th>Humidity3pm</th>\n",
       "      <th>Pressure9am</th>\n",
       "      <th>Cloud9am</th>\n",
       "      <th>Cloud3pm</th>\n",
       "      <th>RainTomorrow</th>\n",
       "    </tr>\n",
       "  </thead>\n",
       "  <tbody>\n",
       "    <tr>\n",
       "      <th>0</th>\n",
       "      <td>Albury</td>\n",
       "      <td>13.4</td>\n",
       "      <td>22.9</td>\n",
       "      <td>0.6</td>\n",
       "      <td>2.4</td>\n",
       "      <td>8.3</td>\n",
       "      <td>W</td>\n",
       "      <td>44.0</td>\n",
       "      <td>W</td>\n",
       "      <td>WNW</td>\n",
       "      <td>20.0</td>\n",
       "      <td>24.0</td>\n",
       "      <td>71.0</td>\n",
       "      <td>22.0</td>\n",
       "      <td>1007.7</td>\n",
       "      <td>8.0</td>\n",
       "      <td>0.0</td>\n",
       "      <td>False</td>\n",
       "    </tr>\n",
       "    <tr>\n",
       "      <th>1</th>\n",
       "      <td>Albury</td>\n",
       "      <td>7.4</td>\n",
       "      <td>25.1</td>\n",
       "      <td>0.0</td>\n",
       "      <td>3.6</td>\n",
       "      <td>10.0</td>\n",
       "      <td>WNW</td>\n",
       "      <td>44.0</td>\n",
       "      <td>NNW</td>\n",
       "      <td>WSW</td>\n",
       "      <td>4.0</td>\n",
       "      <td>22.0</td>\n",
       "      <td>44.0</td>\n",
       "      <td>25.0</td>\n",
       "      <td>1010.6</td>\n",
       "      <td>7.0</td>\n",
       "      <td>1.0</td>\n",
       "      <td>False</td>\n",
       "    </tr>\n",
       "    <tr>\n",
       "      <th>2</th>\n",
       "      <td>Albury</td>\n",
       "      <td>12.9</td>\n",
       "      <td>25.7</td>\n",
       "      <td>0.0</td>\n",
       "      <td>2.6</td>\n",
       "      <td>4.4</td>\n",
       "      <td>WSW</td>\n",
       "      <td>46.0</td>\n",
       "      <td>W</td>\n",
       "      <td>WSW</td>\n",
       "      <td>19.0</td>\n",
       "      <td>26.0</td>\n",
       "      <td>38.0</td>\n",
       "      <td>30.0</td>\n",
       "      <td>1007.6</td>\n",
       "      <td>8.0</td>\n",
       "      <td>2.0</td>\n",
       "      <td>False</td>\n",
       "    </tr>\n",
       "    <tr>\n",
       "      <th>3</th>\n",
       "      <td>Albury</td>\n",
       "      <td>9.2</td>\n",
       "      <td>28.0</td>\n",
       "      <td>0.0</td>\n",
       "      <td>14.6</td>\n",
       "      <td>8.9</td>\n",
       "      <td>NE</td>\n",
       "      <td>24.0</td>\n",
       "      <td>SE</td>\n",
       "      <td>E</td>\n",
       "      <td>11.0</td>\n",
       "      <td>9.0</td>\n",
       "      <td>45.0</td>\n",
       "      <td>16.0</td>\n",
       "      <td>1017.6</td>\n",
       "      <td>0.0</td>\n",
       "      <td>5.0</td>\n",
       "      <td>False</td>\n",
       "    </tr>\n",
       "    <tr>\n",
       "      <th>4</th>\n",
       "      <td>Albury</td>\n",
       "      <td>17.5</td>\n",
       "      <td>32.3</td>\n",
       "      <td>1.0</td>\n",
       "      <td>5.4</td>\n",
       "      <td>3.0</td>\n",
       "      <td>W</td>\n",
       "      <td>41.0</td>\n",
       "      <td>ENE</td>\n",
       "      <td>NW</td>\n",
       "      <td>7.0</td>\n",
       "      <td>20.0</td>\n",
       "      <td>82.0</td>\n",
       "      <td>33.0</td>\n",
       "      <td>1010.8</td>\n",
       "      <td>7.0</td>\n",
       "      <td>8.0</td>\n",
       "      <td>False</td>\n",
       "    </tr>\n",
       "  </tbody>\n",
       "</table>\n",
       "</div>"
      ],
      "text/plain": [
       "  Location  MinTemp  MaxTemp  Rainfall  Evaporation  Sunshine WindGustDir  \\\n",
       "0   Albury     13.4     22.9       0.6          2.4       8.3           W   \n",
       "1   Albury      7.4     25.1       0.0          3.6      10.0         WNW   \n",
       "2   Albury     12.9     25.7       0.0          2.6       4.4         WSW   \n",
       "3   Albury      9.2     28.0       0.0         14.6       8.9          NE   \n",
       "4   Albury     17.5     32.3       1.0          5.4       3.0           W   \n",
       "\n",
       "   WindGustSpeed WindDir9am WindDir3pm  WindSpeed9am  WindSpeed3pm  \\\n",
       "0           44.0          W        WNW          20.0          24.0   \n",
       "1           44.0        NNW        WSW           4.0          22.0   \n",
       "2           46.0          W        WSW          19.0          26.0   \n",
       "3           24.0         SE          E          11.0           9.0   \n",
       "4           41.0        ENE         NW           7.0          20.0   \n",
       "\n",
       "   Humidity9am  Humidity3pm  Pressure9am  Cloud9am  Cloud3pm  RainTomorrow  \n",
       "0         71.0         22.0       1007.7       8.0       0.0         False  \n",
       "1         44.0         25.0       1010.6       7.0       1.0         False  \n",
       "2         38.0         30.0       1007.6       8.0       2.0         False  \n",
       "3         45.0         16.0       1017.6       0.0       5.0         False  \n",
       "4         82.0         33.0       1010.8       7.0       8.0         False  "
      ]
     },
     "execution_count": 4,
     "metadata": {},
     "output_type": "execute_result"
    }
   ],
   "source": [
    "df.head()"
   ]
  },
  {
   "cell_type": "code",
   "execution_count": 5,
   "metadata": {},
   "outputs": [
    {
     "name": "stdout",
     "output_type": "stream",
     "text": [
      "<class 'pandas.core.frame.DataFrame'>\n",
      "RangeIndex: 145460 entries, 0 to 145459\n",
      "Data columns (total 18 columns):\n",
      " #   Column         Non-Null Count   Dtype  \n",
      "---  ------         --------------   -----  \n",
      " 0   Location       145460 non-null  object \n",
      " 1   MinTemp        145460 non-null  float64\n",
      " 2   MaxTemp        145460 non-null  float64\n",
      " 3   Rainfall       145460 non-null  float64\n",
      " 4   Evaporation    145460 non-null  float64\n",
      " 5   Sunshine       145460 non-null  float64\n",
      " 6   WindGustDir    145460 non-null  object \n",
      " 7   WindGustSpeed  145460 non-null  float64\n",
      " 8   WindDir9am     145460 non-null  object \n",
      " 9   WindDir3pm     145460 non-null  object \n",
      " 10  WindSpeed9am   145460 non-null  float64\n",
      " 11  WindSpeed3pm   145460 non-null  float64\n",
      " 12  Humidity9am    145460 non-null  float64\n",
      " 13  Humidity3pm    145460 non-null  float64\n",
      " 14  Pressure9am    145460 non-null  float64\n",
      " 15  Cloud9am       145460 non-null  float64\n",
      " 16  Cloud3pm       145460 non-null  float64\n",
      " 17  RainTomorrow   145460 non-null  bool   \n",
      "dtypes: bool(1), float64(13), object(4)\n",
      "memory usage: 19.0+ MB\n"
     ]
    }
   ],
   "source": [
    "df.info()"
   ]
  },
  {
   "cell_type": "markdown",
   "metadata": {},
   "source": [
    "## Checking for any null values"
   ]
  },
  {
   "cell_type": "code",
   "execution_count": 6,
   "metadata": {},
   "outputs": [
    {
     "data": {
      "text/plain": [
       "Location         0.0\n",
       "MinTemp          0.0\n",
       "MaxTemp          0.0\n",
       "Rainfall         0.0\n",
       "Evaporation      0.0\n",
       "Sunshine         0.0\n",
       "WindGustDir      0.0\n",
       "WindGustSpeed    0.0\n",
       "WindDir9am       0.0\n",
       "WindDir3pm       0.0\n",
       "WindSpeed9am     0.0\n",
       "WindSpeed3pm     0.0\n",
       "Humidity9am      0.0\n",
       "Humidity3pm      0.0\n",
       "Pressure9am      0.0\n",
       "Cloud9am         0.0\n",
       "Cloud3pm         0.0\n",
       "RainTomorrow     0.0\n",
       "dtype: float64"
      ]
     },
     "execution_count": 6,
     "metadata": {},
     "output_type": "execute_result"
    }
   ],
   "source": [
    "df.isnull().sum()*100/len(df)"
   ]
  },
  {
   "cell_type": "markdown",
   "metadata": {},
   "source": [
    "## Insights\n",
    "- We have 145459 rows of data\n",
    "- There are no null values"
   ]
  },
  {
   "cell_type": "markdown",
   "metadata": {},
   "source": [
    "## Identifying the categorical and numerical data"
   ]
  },
  {
   "cell_type": "code",
   "execution_count": 9,
   "metadata": {},
   "outputs": [
    {
     "name": "stdout",
     "output_type": "stream",
     "text": [
      "Numerical Features Count 14\n",
      "Categorical feature Count 4\n"
     ]
    }
   ],
   "source": [
    "numerical_feature = [feature for feature in df.columns if df[feature].dtypes != 'O']\n",
    "categorical_feature = [feature for feature in df.columns if feature not in numerical_feature]\n",
    "print(f\"Numerical Features Count {len(numerical_feature)}\")\n",
    "print(f\"Categorical feature Count {len(categorical_feature)}\")"
   ]
  },
  {
   "cell_type": "code",
   "execution_count": 10,
   "metadata": {},
   "outputs": [
    {
     "data": {
      "text/plain": [
       "['MinTemp',\n",
       " 'MaxTemp',\n",
       " 'Rainfall',\n",
       " 'Evaporation',\n",
       " 'Sunshine',\n",
       " 'WindGustSpeed',\n",
       " 'WindSpeed9am',\n",
       " 'WindSpeed3pm',\n",
       " 'Humidity9am',\n",
       " 'Humidity3pm',\n",
       " 'Pressure9am',\n",
       " 'Cloud9am',\n",
       " 'Cloud3pm',\n",
       " 'RainTomorrow']"
      ]
     },
     "execution_count": 10,
     "metadata": {},
     "output_type": "execute_result"
    }
   ],
   "source": [
    "numerical_feature"
   ]
  },
  {
   "cell_type": "code",
   "execution_count": 11,
   "metadata": {},
   "outputs": [
    {
     "data": {
      "text/plain": [
       "['Location', 'WindGustDir', 'WindDir9am', 'WindDir3pm']"
      ]
     },
     "execution_count": 11,
     "metadata": {},
     "output_type": "execute_result"
    }
   ],
   "source": [
    "categorical_feature"
   ]
  },
  {
   "cell_type": "code",
   "execution_count": 12,
   "metadata": {},
   "outputs": [
    {
     "data": {
      "text/html": [
       "<div>\n",
       "<style scoped>\n",
       "    .dataframe tbody tr th:only-of-type {\n",
       "        vertical-align: middle;\n",
       "    }\n",
       "\n",
       "    .dataframe tbody tr th {\n",
       "        vertical-align: top;\n",
       "    }\n",
       "\n",
       "    .dataframe thead th {\n",
       "        text-align: right;\n",
       "    }\n",
       "</style>\n",
       "<table border=\"1\" class=\"dataframe\">\n",
       "  <thead>\n",
       "    <tr style=\"text-align: right;\">\n",
       "      <th></th>\n",
       "      <th>MinTemp</th>\n",
       "      <th>MaxTemp</th>\n",
       "      <th>Rainfall</th>\n",
       "      <th>Evaporation</th>\n",
       "      <th>Sunshine</th>\n",
       "      <th>WindGustSpeed</th>\n",
       "      <th>WindSpeed9am</th>\n",
       "      <th>WindSpeed3pm</th>\n",
       "      <th>Humidity9am</th>\n",
       "      <th>Humidity3pm</th>\n",
       "      <th>Pressure9am</th>\n",
       "      <th>Cloud9am</th>\n",
       "      <th>Cloud3pm</th>\n",
       "      <th>RainTomorrow</th>\n",
       "    </tr>\n",
       "  </thead>\n",
       "  <tbody>\n",
       "    <tr>\n",
       "      <th>MinTemp</th>\n",
       "      <td>1.000000</td>\n",
       "      <td>0.733335</td>\n",
       "      <td>0.045802</td>\n",
       "      <td>0.305438</td>\n",
       "      <td>0.034798</td>\n",
       "      <td>0.184574</td>\n",
       "      <td>0.177643</td>\n",
       "      <td>0.177179</td>\n",
       "      <td>-0.231038</td>\n",
       "      <td>0.006174</td>\n",
       "      <td>-0.432271</td>\n",
       "      <td>0.049299</td>\n",
       "      <td>0.014825</td>\n",
       "      <td>0.082255</td>\n",
       "    </tr>\n",
       "    <tr>\n",
       "      <th>MaxTemp</th>\n",
       "      <td>0.733335</td>\n",
       "      <td>1.000000</td>\n",
       "      <td>-0.262982</td>\n",
       "      <td>0.377512</td>\n",
       "      <td>0.234194</td>\n",
       "      <td>0.078237</td>\n",
       "      <td>0.017255</td>\n",
       "      <td>0.052880</td>\n",
       "      <td>-0.497532</td>\n",
       "      <td>-0.498474</td>\n",
       "      <td>-0.318759</td>\n",
       "      <td>-0.175019</td>\n",
       "      <td>-0.161938</td>\n",
       "      <td>-0.156313</td>\n",
       "    </tr>\n",
       "    <tr>\n",
       "      <th>Rainfall</th>\n",
       "      <td>0.045802</td>\n",
       "      <td>-0.262982</td>\n",
       "      <td>1.000000</td>\n",
       "      <td>-0.145956</td>\n",
       "      <td>-0.190706</td>\n",
       "      <td>0.143865</td>\n",
       "      <td>0.097256</td>\n",
       "      <td>0.077540</td>\n",
       "      <td>0.391159</td>\n",
       "      <td>0.408150</td>\n",
       "      <td>-0.171567</td>\n",
       "      <td>0.212868</td>\n",
       "      <td>0.179862</td>\n",
       "      <td>0.323354</td>\n",
       "    </tr>\n",
       "    <tr>\n",
       "      <th>Evaporation</th>\n",
       "      <td>0.305438</td>\n",
       "      <td>0.377512</td>\n",
       "      <td>-0.145956</td>\n",
       "      <td>1.000000</td>\n",
       "      <td>0.180619</td>\n",
       "      <td>0.133385</td>\n",
       "      <td>0.120170</td>\n",
       "      <td>0.085467</td>\n",
       "      <td>-0.318108</td>\n",
       "      <td>-0.240149</td>\n",
       "      <td>-0.191446</td>\n",
       "      <td>-0.098321</td>\n",
       "      <td>-0.096740</td>\n",
       "      <td>-0.073417</td>\n",
       "    </tr>\n",
       "    <tr>\n",
       "      <th>Sunshine</th>\n",
       "      <td>0.034798</td>\n",
       "      <td>0.234194</td>\n",
       "      <td>-0.190706</td>\n",
       "      <td>0.180619</td>\n",
       "      <td>1.000000</td>\n",
       "      <td>-0.013489</td>\n",
       "      <td>0.004828</td>\n",
       "      <td>0.026370</td>\n",
       "      <td>-0.249288</td>\n",
       "      <td>-0.317528</td>\n",
       "      <td>0.022193</td>\n",
       "      <td>-0.299892</td>\n",
       "      <td>-0.309680</td>\n",
       "      <td>-0.229066</td>\n",
       "    </tr>\n",
       "    <tr>\n",
       "      <th>WindGustSpeed</th>\n",
       "      <td>0.184574</td>\n",
       "      <td>0.078237</td>\n",
       "      <td>0.143865</td>\n",
       "      <td>0.133385</td>\n",
       "      <td>-0.013489</td>\n",
       "      <td>1.000000</td>\n",
       "      <td>0.580955</td>\n",
       "      <td>0.661913</td>\n",
       "      <td>-0.218508</td>\n",
       "      <td>-0.032141</td>\n",
       "      <td>-0.421874</td>\n",
       "      <td>0.040463</td>\n",
       "      <td>0.058742</td>\n",
       "      <td>0.216164</td>\n",
       "    </tr>\n",
       "    <tr>\n",
       "      <th>WindSpeed9am</th>\n",
       "      <td>0.177643</td>\n",
       "      <td>0.017255</td>\n",
       "      <td>0.097256</td>\n",
       "      <td>0.120170</td>\n",
       "      <td>0.004828</td>\n",
       "      <td>0.580955</td>\n",
       "      <td>1.000000</td>\n",
       "      <td>0.507652</td>\n",
       "      <td>-0.273328</td>\n",
       "      <td>-0.033233</td>\n",
       "      <td>-0.213168</td>\n",
       "      <td>0.012817</td>\n",
       "      <td>0.031126</td>\n",
       "      <td>0.084947</td>\n",
       "    </tr>\n",
       "    <tr>\n",
       "      <th>WindSpeed3pm</th>\n",
       "      <td>0.177179</td>\n",
       "      <td>0.052880</td>\n",
       "      <td>0.077540</td>\n",
       "      <td>0.085467</td>\n",
       "      <td>0.026370</td>\n",
       "      <td>0.661913</td>\n",
       "      <td>0.507652</td>\n",
       "      <td>1.000000</td>\n",
       "      <td>-0.146452</td>\n",
       "      <td>0.015144</td>\n",
       "      <td>-0.275161</td>\n",
       "      <td>0.034119</td>\n",
       "      <td>0.012405</td>\n",
       "      <td>0.081106</td>\n",
       "    </tr>\n",
       "    <tr>\n",
       "      <th>Humidity9am</th>\n",
       "      <td>-0.231038</td>\n",
       "      <td>-0.497532</td>\n",
       "      <td>0.391159</td>\n",
       "      <td>-0.318108</td>\n",
       "      <td>-0.249288</td>\n",
       "      <td>-0.218508</td>\n",
       "      <td>-0.273328</td>\n",
       "      <td>-0.146452</td>\n",
       "      <td>1.000000</td>\n",
       "      <td>0.659063</td>\n",
       "      <td>0.134403</td>\n",
       "      <td>0.275705</td>\n",
       "      <td>0.209899</td>\n",
       "      <td>0.252190</td>\n",
       "    </tr>\n",
       "    <tr>\n",
       "      <th>Humidity3pm</th>\n",
       "      <td>0.006174</td>\n",
       "      <td>-0.498474</td>\n",
       "      <td>0.408150</td>\n",
       "      <td>-0.240149</td>\n",
       "      <td>-0.317528</td>\n",
       "      <td>-0.032141</td>\n",
       "      <td>-0.033233</td>\n",
       "      <td>0.015144</td>\n",
       "      <td>0.659063</td>\n",
       "      <td>1.000000</td>\n",
       "      <td>-0.023631</td>\n",
       "      <td>0.311475</td>\n",
       "      <td>0.312853</td>\n",
       "      <td>0.433167</td>\n",
       "    </tr>\n",
       "    <tr>\n",
       "      <th>Pressure9am</th>\n",
       "      <td>-0.432271</td>\n",
       "      <td>-0.318759</td>\n",
       "      <td>-0.171567</td>\n",
       "      <td>-0.191446</td>\n",
       "      <td>0.022193</td>\n",
       "      <td>-0.421874</td>\n",
       "      <td>-0.213168</td>\n",
       "      <td>-0.275161</td>\n",
       "      <td>0.134403</td>\n",
       "      <td>-0.023631</td>\n",
       "      <td>1.000000</td>\n",
       "      <td>-0.079036</td>\n",
       "      <td>-0.087342</td>\n",
       "      <td>-0.228542</td>\n",
       "    </tr>\n",
       "    <tr>\n",
       "      <th>Cloud9am</th>\n",
       "      <td>0.049299</td>\n",
       "      <td>-0.175019</td>\n",
       "      <td>0.212868</td>\n",
       "      <td>-0.098321</td>\n",
       "      <td>-0.299892</td>\n",
       "      <td>0.040463</td>\n",
       "      <td>0.012817</td>\n",
       "      <td>0.034119</td>\n",
       "      <td>0.275705</td>\n",
       "      <td>0.311475</td>\n",
       "      <td>-0.079036</td>\n",
       "      <td>1.000000</td>\n",
       "      <td>0.336379</td>\n",
       "      <td>0.197800</td>\n",
       "    </tr>\n",
       "    <tr>\n",
       "      <th>Cloud3pm</th>\n",
       "      <td>0.014825</td>\n",
       "      <td>-0.161938</td>\n",
       "      <td>0.179862</td>\n",
       "      <td>-0.096740</td>\n",
       "      <td>-0.309680</td>\n",
       "      <td>0.058742</td>\n",
       "      <td>0.031126</td>\n",
       "      <td>0.012405</td>\n",
       "      <td>0.209899</td>\n",
       "      <td>0.312853</td>\n",
       "      <td>-0.087342</td>\n",
       "      <td>0.336379</td>\n",
       "      <td>1.000000</td>\n",
       "      <td>0.231339</td>\n",
       "    </tr>\n",
       "    <tr>\n",
       "      <th>RainTomorrow</th>\n",
       "      <td>0.082255</td>\n",
       "      <td>-0.156313</td>\n",
       "      <td>0.323354</td>\n",
       "      <td>-0.073417</td>\n",
       "      <td>-0.229066</td>\n",
       "      <td>0.216164</td>\n",
       "      <td>0.084947</td>\n",
       "      <td>0.081106</td>\n",
       "      <td>0.252190</td>\n",
       "      <td>0.433167</td>\n",
       "      <td>-0.228542</td>\n",
       "      <td>0.197800</td>\n",
       "      <td>0.231339</td>\n",
       "      <td>1.000000</td>\n",
       "    </tr>\n",
       "  </tbody>\n",
       "</table>\n",
       "</div>"
      ],
      "text/plain": [
       "                MinTemp   MaxTemp  Rainfall  Evaporation  Sunshine  \\\n",
       "MinTemp        1.000000  0.733335  0.045802     0.305438  0.034798   \n",
       "MaxTemp        0.733335  1.000000 -0.262982     0.377512  0.234194   \n",
       "Rainfall       0.045802 -0.262982  1.000000    -0.145956 -0.190706   \n",
       "Evaporation    0.305438  0.377512 -0.145956     1.000000  0.180619   \n",
       "Sunshine       0.034798  0.234194 -0.190706     0.180619  1.000000   \n",
       "WindGustSpeed  0.184574  0.078237  0.143865     0.133385 -0.013489   \n",
       "WindSpeed9am   0.177643  0.017255  0.097256     0.120170  0.004828   \n",
       "WindSpeed3pm   0.177179  0.052880  0.077540     0.085467  0.026370   \n",
       "Humidity9am   -0.231038 -0.497532  0.391159    -0.318108 -0.249288   \n",
       "Humidity3pm    0.006174 -0.498474  0.408150    -0.240149 -0.317528   \n",
       "Pressure9am   -0.432271 -0.318759 -0.171567    -0.191446  0.022193   \n",
       "Cloud9am       0.049299 -0.175019  0.212868    -0.098321 -0.299892   \n",
       "Cloud3pm       0.014825 -0.161938  0.179862    -0.096740 -0.309680   \n",
       "RainTomorrow   0.082255 -0.156313  0.323354    -0.073417 -0.229066   \n",
       "\n",
       "               WindGustSpeed  WindSpeed9am  WindSpeed3pm  Humidity9am  \\\n",
       "MinTemp             0.184574      0.177643      0.177179    -0.231038   \n",
       "MaxTemp             0.078237      0.017255      0.052880    -0.497532   \n",
       "Rainfall            0.143865      0.097256      0.077540     0.391159   \n",
       "Evaporation         0.133385      0.120170      0.085467    -0.318108   \n",
       "Sunshine           -0.013489      0.004828      0.026370    -0.249288   \n",
       "WindGustSpeed       1.000000      0.580955      0.661913    -0.218508   \n",
       "WindSpeed9am        0.580955      1.000000      0.507652    -0.273328   \n",
       "WindSpeed3pm        0.661913      0.507652      1.000000    -0.146452   \n",
       "Humidity9am        -0.218508     -0.273328     -0.146452     1.000000   \n",
       "Humidity3pm        -0.032141     -0.033233      0.015144     0.659063   \n",
       "Pressure9am        -0.421874     -0.213168     -0.275161     0.134403   \n",
       "Cloud9am            0.040463      0.012817      0.034119     0.275705   \n",
       "Cloud3pm            0.058742      0.031126      0.012405     0.209899   \n",
       "RainTomorrow        0.216164      0.084947      0.081106     0.252190   \n",
       "\n",
       "               Humidity3pm  Pressure9am  Cloud9am  Cloud3pm  RainTomorrow  \n",
       "MinTemp           0.006174    -0.432271  0.049299  0.014825      0.082255  \n",
       "MaxTemp          -0.498474    -0.318759 -0.175019 -0.161938     -0.156313  \n",
       "Rainfall          0.408150    -0.171567  0.212868  0.179862      0.323354  \n",
       "Evaporation      -0.240149    -0.191446 -0.098321 -0.096740     -0.073417  \n",
       "Sunshine         -0.317528     0.022193 -0.299892 -0.309680     -0.229066  \n",
       "WindGustSpeed    -0.032141    -0.421874  0.040463  0.058742      0.216164  \n",
       "WindSpeed9am     -0.033233    -0.213168  0.012817  0.031126      0.084947  \n",
       "WindSpeed3pm      0.015144    -0.275161  0.034119  0.012405      0.081106  \n",
       "Humidity9am       0.659063     0.134403  0.275705  0.209899      0.252190  \n",
       "Humidity3pm       1.000000    -0.023631  0.311475  0.312853      0.433167  \n",
       "Pressure9am      -0.023631     1.000000 -0.079036 -0.087342     -0.228542  \n",
       "Cloud9am          0.311475    -0.079036  1.000000  0.336379      0.197800  \n",
       "Cloud3pm          0.312853    -0.087342  0.336379  1.000000      0.231339  \n",
       "RainTomorrow      0.433167    -0.228542  0.197800  0.231339      1.000000  "
      ]
     },
     "execution_count": 12,
     "metadata": {},
     "output_type": "execute_result"
    }
   ],
   "source": [
    "df[numerical_feature].corr()"
   ]
  },
  {
   "cell_type": "code",
   "execution_count": 1,
   "metadata": {},
   "outputs": [
    {
     "ename": "NameError",
     "evalue": "name 'sns' is not defined",
     "output_type": "error",
     "traceback": [
      "\u001b[1;31m---------------------------------------------------------------------------\u001b[0m",
      "\u001b[1;31mNameError\u001b[0m                                 Traceback (most recent call last)",
      "Cell \u001b[1;32mIn[1], line 1\u001b[0m\n\u001b[1;32m----> 1\u001b[0m \u001b[43msns\u001b[49m\u001b[38;5;241m.\u001b[39mheatmap(df[numerical_feature]\u001b[38;5;241m.\u001b[39mcorr(), annot \u001b[38;5;241m=\u001b[39m \u001b[38;5;28;01mTrue\u001b[39;00m)\n",
      "\u001b[1;31mNameError\u001b[0m: name 'sns' is not defined"
     ]
    }
   ],
   "source": [
    "sns.heatmap(df[numerical_feature].corr(), annot = True)"
   ]
  }
 ],
 "metadata": {
  "kernelspec": {
   "display_name": "Python 3",
   "language": "python",
   "name": "python3"
  },
  "language_info": {
   "codemirror_mode": {
    "name": "ipython",
    "version": 3
   },
   "file_extension": ".py",
   "mimetype": "text/x-python",
   "name": "python",
   "nbconvert_exporter": "python",
   "pygments_lexer": "ipython3",
   "version": "3.10.0"
  }
 },
 "nbformat": 4,
 "nbformat_minor": 2
}
